# oST version 5.0 parameters


[image]

width
1440

height
1080

[narrow_stereo]

camera matrix
1802.479294 0.000000 768.703487
0.000000 1792.122861 565.703488
0.000000 0.000000 1.000000

distortion
-0.108431 0.124061 -0.001191 -0.001449 0.000000

rectification
1.000000 0.000000 0.000000
0.000000 1.000000 0.000000
0.000000 0.000000 1.000000

projection
1776.744969 0.000000 768.519827 0.000000
0.000000 1776.222135 565.524745 0.000000
0.000000 0.000000 1.000000 0.000000
